16
476 765 332  98 771  90 669 402 553 100   8 911 616 944 528 617 
882 821 869 123  88 553 418 129 720   5 321 937  33 154 992 310 
643 711 119 602 481  54 832 893 994 672 884 529 771 380  45 671 
  1 745 912 664 193 842  99 551 617 856 812 339 908 664 323 767 
812  92 333 817 377 950 217 840 738 263 931 755 911 341 879 819
203 545 810 932 691 299 538 612 920 752 345 841  62 491 207 552
851 223  87 532 905 434 881   7 391 258 490 178 731 542 432 971 
295 163 582 886 371 903 441 756 665 443  91  39 439 661 692 912 
331 748 901 660 372 457 246 128 912 886 268 558 643 972 456 234 
881 934 112 915 229 441 752 803 295  50 321 787 329 717  92 995
887 552 290 316 482 330  43 567 815  77 301 442 838 512 269 661 
887 401 810  77 313 765 734 925 512 296 115 315 722 232 122 809 
663 498 222 709 712 636 288 334 543 987  99 126 329 752 551 731 
995 261 711 989 331 227 513 108 531 212 839 900 377 681 952 374 
519 663 810   2 318 400 527 632 248 516 161 197 361 836 880 437
703 665 117 992 876 192 554 381 257 380 741 551 822 101 209 633
